# Ply Analysis Results

```

****** Ply properties ******

Material: Unidirectional Carbon/Epoxy (IM7/8552)
  type = unidirectional
  rho  = 1588.0 kg/m^3

-- Elastic properties --
  E1   = 167.40 GPa
  E2   = 9.50 GPa
  nu12 = 0.330
  nu21 = 0.019
  G12  = 4.80 GPa

-- Strength properties --
  F1t  = 2700.0 MPa
  F1c  = 1700.0 MPa
  F2t  = 70.0 MPa
  F2c  = 200.0 MPa
  F6   = 90.0 MPa

-- Ply geometry --
  theta = 30.0 deg
  h     = 0.200 mm

-- Reduced compliance matrix S (TPa^-1) --
       5.974    -1.971     0.000
      -1.971   105.263     0.000
       0.000     0.000   208.333

-- Reduced stiffness matrix Q (GPa) --
     168.441     3.154     0.000
       3.154     9.559     0.000
       0.000     0.000     4.800

-- Stress transformation matrix Ts --
       0.750     0.250     0.866
       0.250     0.750    -0.866
      -0.433     0.433     0.500

-- Strain transformation matrix Te --
       0.750     0.250     0.433
       0.250     0.750    -0.433
      -0.866     0.866     0.500

-- Inverse stress transformation matrix TsInv --
       0.750     0.250    -0.866
       0.250     0.750     0.866
       0.433    -0.433     0.500

-- Inverse strain transformation matrix TeInv --
       0.750     0.250    -0.433
       0.250     0.750     0.433
       0.866    -0.866     0.500

-- Off-axis compliance matrix SBar (TPa^-1) --
      48.262   -19.438   -63.162
     -19.438    97.907   -22.825
     -63.162   -22.825   138.468

-- Off-axis stiffness matrix QBar (GPa) --
     100.128    31.747    50.907
      31.747    20.687    17.891
      50.907    17.891    33.392

-- Elastic properties in the global (x-y) coordinate system --
  Ex   = 20.72 GPa
  Ey   = 10.21 GPa
  nuxy = 0.403
  Gxy  = 7.22 GPa

Stresses in the X-Y coordinate system (MPa):
     225.000
      50.000
      50.000
Stresses in the 1-2 coordinate system (MPa):
     224.551
      50.449
     -50.777
Strains in the X-Y coordinate system (micro):
    6729.061
    -619.378
   -8429.307
Strains in the 1-2 coordinate system (micro):
    1241.955
    4867.729
  -10578.588

Failure criterion: TsaiWu
Safety factor for actual stress state, Sf:      1.082

Saved 1 figure(s) to /Users/vel/CompositesTextbook/python_toolkit_intro/results/run_ply/
```
